1750194798917424128.000000 0.000000000 0.000000000 0.000000000 -0.000000000 -0.000000000 -0.000000000 1.000000000
1750194903409418240.000000 0.055733319 -0.002329725 0.203362703 0.005600458 0.013950042 -0.018742729 0.999711335
1750194903624136704.000000 0.058641229 0.000601724 0.227448702 0.002590706 0.015076295 -0.022342093 0.999633372
1750194904495140352.000000 0.068144254 -0.006118746 0.313594967 -0.001643100 0.014062895 -0.030901454 0.999422133
1750194904709275648.000000 0.068104535 -0.009005915 0.333672017 -0.003086824 0.015371350 -0.031766530 0.999372363
1750194904933658880.000000 0.053821493 -0.016988477 0.331228554 -0.003935277 0.026710488 -0.029927053 0.999187410
1750194915384946176.000000 0.360611975 -0.097157687 1.440903425 0.023680821 -0.022524873 0.015283156 0.999348938
1750194916878564864.000000 0.401825517 -0.090042345 1.600945592 0.015497782 -0.040597498 0.010838335 0.998996615
1750194918409655552.000000 0.427624047 -0.088030525 1.770241380 -0.006766506 -0.055827890 0.024707111 0.998111725
1750194919527422976.000000 0.436095715 -0.091324419 1.875133395 0.001160805 -0.075821787 0.016597688 0.996982574
1750194920191738880.000000 0.442696601 -0.095119216 1.936212182 0.012499683 -0.079686940 0.008610751 0.996704400
1750194920836975616.000000 0.449910015 -0.105517276 1.998187184 0.016918978 -0.076092146 0.014777242 0.996847749
1750194922565859328.000000 0.460525006 -0.099628985 2.172407866 0.006739978 -0.076023117 0.016602093 0.996945083
1750194923432393472.000000 0.461591572 -0.101970285 2.256038427 0.009244581 -0.081534944 0.008143981 0.996594310
1750194924080415488.000000 0.463808239 -0.109528571 2.315325260 0.017469073 -0.084750511 0.008047361 0.996216595
1750194924500814080.000000 0.466594309 -0.114199311 2.354434967 0.023080390 -0.083802640 0.004776920 0.996203601
1750194925331470592.000000 0.472991645 -0.112875953 2.440225124 0.024161689 -0.078518316 0.001112994 0.996619225
1750194925969317888.000000 0.479082257 -0.105446145 2.512601137 0.015373156 -0.075346984 -0.001757708 0.997037351
1750194926846161920.000000 0.482145846 -0.089140087 2.614337444 0.002643549 -0.074087396 -0.018332535 0.997079730
1750194927734830080.000000 0.477303982 -0.090355493 2.699530125 0.002120417 -0.079747193 -0.020806385 0.996595740
1750194928182180608.000000 0.476393282 -0.096432850 2.737503052 0.006684592 -0.081619099 -0.023307819 0.996368647
1750194928846715904.000000 0.473056406 -0.103241131 2.794366360 0.013015529 -0.081173502 -0.024982169 0.996301889
1750194929481314816.000000 0.469016969 -0.107687607 2.853944540 0.016640751 -0.081181936 -0.027992066 0.996167183
1750194930334557184.000000 0.463843316 -0.107026495 2.946553469 0.011169585 -0.096169628 -0.013210894 0.995214641
1750194930982124032.000000 0.459129989 -0.099638566 3.021374464 -0.000705943 -0.115872741 -0.008226331 0.993229747
1750194931888679680.000000 0.453557163 -0.098213643 3.109375000 -0.000570358 -0.131574273 -0.013046553 0.991220295
1750194932331145984.000000 0.452271909 -0.103745826 3.147437096 0.008318861 -0.139757559 -0.010300133 0.990097284
1750194932778455808.000000 0.450833023 -0.109922826 3.186065197 0.012826197 -0.142773569 -0.002691637 0.989668608
1750194932993673984.000000 0.449393958 -0.112549171 3.206302643 0.013778795 -0.147833750 -0.000789119 0.988915920
1750194933428614400.000000 0.446602732 -0.115679368 3.245798349 0.014199867 -0.149627581 0.006263814 0.988620639
1750194934073379072.000000 0.437985986 -0.113039687 3.311181545 0.013857845 -0.148315951 0.002502729 0.988839746
1750194934734585600.000000 0.426953256 -0.110302478 3.372582912 0.011651105 -0.146581680 -0.005655803 0.989113808
1750194935391650560.000000 0.416387051 -0.112533890 3.434211493 0.009881498 -0.151677653 0.000017148 0.988380611
1750194935829117696.000000 0.406663448 -0.121210039 3.470005274 0.014349289 -0.171390876 -0.006788978 0.985075235
1750194936276136192.000000 0.396700978 -0.127282664 3.505362749 0.017032189 -0.182042599 -0.005433319 0.983128130
1750194936961759744.000000 0.381303072 -0.129623905 3.561357021 0.021057203 -0.180321485 -0.006103880 0.983363390
1750194937387699712.000000 0.370844483 -0.128345191 3.600764513 0.023764616 -0.178121403 -0.010301374 0.983667612
1750194937815903232.000000 0.363838255 -0.130654797 3.641228437 0.027731556 -0.176412135 -0.007380250 0.983897984
1750194938029089280.000000 0.363737464 -0.139741704 3.662163734 0.031409107 -0.171831116 -0.002722501 0.984621823
1750194938240130304.000000 0.365748405 -0.143531591 3.685703039 0.035652559 -0.166738912 -0.002993305 0.985351741
1750194938452063232.000000 0.366403311 -0.146831512 3.707323551 0.039525714 -0.162263170 -0.004011224 0.985947430
1750194938666864384.000000 0.366805464 -0.147631586 3.728534937 0.042960599 -0.157394052 -0.007850825 0.986569762
1750194938890795008.000000 0.365774304 -0.149903253 3.749500990 0.043636214 -0.154350579 -0.006548563 0.987030387
1750194939547107328.000000 0.359077603 -0.153179914 3.810110092 0.039329849 -0.150270790 -0.004292053 0.987852931
1750194940181774848.000000 0.347327113 -0.150524452 3.872433186 0.033418488 -0.147728831 -0.009166865 0.988420665
1750194940829652992.000000 0.340180993 -0.156740397 3.932854414 0.029243391 -0.149812356 -0.003029673 0.988277256
1750194941483859456.000000 0.331655592 -0.162279740 3.993627310 0.029808721 -0.153508022 0.000391781 0.987697661
1750194941910885376.000000 0.326441288 -0.164545760 4.035284042 0.030349316 -0.153282419 0.000631770 0.987716079
1750194942771208704.000000 0.319152236 -0.159488007 4.118478298 0.025575286 -0.143894732 -0.008167315 0.989228785
1750194943215798528.000000 0.314320862 -0.159360871 4.161181450 0.020610439 -0.138664439 -0.012346515 0.990047991
1750194943884009216.000000 0.304199725 -0.161234587 4.221179008 0.020543000 -0.139688060 -0.019693991 0.989786565
1750194944546863616.000000 0.293489754 -0.164516464 4.280051231 0.021940019 -0.140405610 -0.017118923 0.989702880
1750194945441101568.000000 0.287060440 -0.169019610 4.360533237 0.021155896 -0.142020941 -0.014522369 0.989531040
1750194946541904640.000000 0.276590198 -0.175663844 4.463024139 0.016793208 -0.143894121 -0.007318939 0.989423513
1750194947210378752.000000 0.270193279 -0.177841723 4.523884296 0.020896422 -0.146964356 -0.005577487 0.988905311
1750194947871853824.000000 0.267962217 -0.178529665 4.587183475 0.023799136 -0.142288804 -0.011927422 0.989467204
1750194948307285504.000000 0.268757224 -0.176694915 4.632435322 0.021256672 -0.135662854 -0.014631388 0.990418971
1750194948742580992.000000 0.272040635 -0.175611719 4.678259373 0.016074231 -0.127630666 -0.012137312 0.991617262
1750194948963443712.000000 0.276207745 -0.174121305 4.702626705 0.013567028 -0.120350450 -0.010840618 0.992579579
1750194949187873792.000000 0.279284775 -0.173578367 4.726988792 0.011162299 -0.116910189 -0.013062055 0.992993832
1750194949416879360.000000 0.280244589 -0.172732934 4.750071049 0.008782763 -0.115696557 -0.014372584 0.993141770
1750194949643959552.000000 0.280090660 -0.171648443 4.773396969 0.006443379 -0.115620255 -0.013681292 0.993178368
1750194950098135296.000000 0.277801007 -0.169615284 4.818077087 0.002277242 -0.115027137 -0.013826258 0.993263543
1750194950321599744.000000 0.277609587 -0.169956401 4.839862347 0.000628661 -0.115787812 -0.013510273 0.993181884
1750194950544867328.000000 0.277447671 -0.169265017 4.861429691 -0.000121199 -0.117235266 -0.014746575 0.992994666
1750194950774382336.000000 0.276220262 -0.168842420 4.882383823 -0.000008748 -0.118524730 -0.014814789 0.992840588
1750194951002457088.000000 0.275178611 -0.170379400 4.903553963 0.001095647 -0.120013297 -0.014040611 0.992672384
1750194951226972672.000000 0.274544984 -0.172594741 4.923463821 0.002305631 -0.121404305 -0.011107094 0.992538333
1750194951450077952.000000 0.276377767 -0.173670903 4.945191860 0.003050430 -0.121700928 -0.007464658 0.992534101
1750194951673125632.000000 0.277972996 -0.175306275 4.966607571 0.003677248 -0.121026583 -0.005801139 0.992625535
1750194951901933312.000000 0.281433672 -0.177733302 4.989256382 0.004995700 -0.119490691 -0.006034500 0.992804408
1750194952129884928.000000 0.286152631 -0.180275738 5.011979580 0.005384163 -0.114645608 -0.007277238 0.993365228
1750194952354808320.000000 0.290146828 -0.178615004 5.035346508 0.005345728 -0.109855518 -0.008418705 0.993897557
1750194952581869824.000000 0.292092800 -0.177825853 5.059630394 0.004703640 -0.107176587 -0.008873770 0.994189322
1750194952827790848.000000 0.294479638 -0.179301068 5.082983017 0.004724269 -0.103091814 -0.010114297 0.994609177
1750194953051975168.000000 0.299825728 -0.183165252 5.107099056 0.005296635 -0.097410008 -0.009787973 0.995182157
1750194953275667712.000000 0.305995256 -0.186925605 5.130980492 0.006812424 -0.090300739 -0.008443072 0.995855451
1750194953724775936.000000 0.315322936 -0.193701595 5.177517891 0.011201639 -0.082933426 -0.001606407 0.996490836
1750194953952538112.000000 0.318639696 -0.192084789 5.200962543 0.015386542 -0.082759023 -0.006753152 0.996427953
1750194954181076224.000000 0.316902936 -0.194230214 5.217587471 0.020307653 -0.086052351 -0.005877560 0.996066272
1750194954620782848.000000 0.319656640 -0.202574685 5.271413326 0.033059809 -0.073627181 -0.013001441 0.996652901
1750194954841299712.000000 0.322599769 -0.203581050 5.293435574 0.035904687 -0.068246827 -0.016700128 0.996882319
1750194955489392384.000000 0.333748609 -0.203608081 5.361209393 0.036121815 -0.055034328 -0.017507246 0.997677267
1750194955705970688.000000 0.342227846 -0.207911044 5.383769035 0.036978543 -0.047103059 -0.014650824 0.998097837
1750194955926979840.000000 0.351156652 -0.211028129 5.404740334 0.038420673 -0.040893734 -0.012481526 0.998346567
1750194956142936832.000000 0.356818348 -0.215574622 5.423184872 0.040457923 -0.040104192 -0.013685022 0.998282313
1750194956358998272.000000 0.359499633 -0.217133060 5.443967819 0.042261828 -0.039964356 -0.015671050 0.998183966
1750194956583240960.000000 0.362374604 -0.218785256 5.463179588 0.043611716 -0.039594308 -0.013581545 0.998171270
1750194957023175680.000000 0.366643041 -0.225583166 5.502644062 0.043650012 -0.038577694 -0.011161777 0.998239398
1750194957453448448.000000 0.371163517 -0.229991391 5.543331623 0.042769294 -0.038140871 -0.007628313 0.998327553
1750194957889090816.000000 0.379352003 -0.236838609 5.584595203 0.040040579 -0.043721166 0.003657020 0.998234391
1750194958768153088.000000 0.396928012 -0.237850592 5.651174545 0.042345881 -0.066175677 -0.017319262 0.996758580
1750194959219867136.000000 0.398240417 -0.242517650 5.684204578 0.048781436 -0.069444247 -0.022209106 0.996144891
1750194959670218496.000000 0.398591489 -0.245948210 5.722515106 0.053411320 -0.066063531 -0.027149325 0.996014953
1750194960330355968.000000 0.397429228 -0.250670075 5.783100605 0.054713216 -0.062197186 -0.031875830 0.996053219
1750194960977076480.000000 0.393688351 -0.249081999 5.845292568 0.048385900 -0.063962661 -0.029971695 0.996327937
1750194961845963264.000000 0.390581518 -0.248467371 5.932770252 0.032095149 -0.069528751 -0.029229671 0.996635020
1750194962515381248.000000 0.387242764 -0.251379281 5.997134209 0.028158868 -0.075329840 -0.026898516 0.996397972
1750194962978059264.000000 0.386912614 -0.254749119 6.038610935 0.031375684 -0.078003481 -0.028327554 0.996056497
1750194963210909440.000000 0.386293381 -0.256428003 6.057146549 0.033858642 -0.077375874 -0.031861752 0.995917380
1750194963678285568.000000 0.382529497 -0.259787530 6.094918728 0.039187893 -0.077619083 -0.036530372 0.995542645
1750194963910493184.000000 0.381838232 -0.263801426 6.113430977 0.041581463 -0.077641487 -0.035798039 0.995470405
1750194964371635712.000000 0.379718214 -0.271976650 6.149466515 0.046093859 -0.077735662 -0.041692350 0.995034814
1750194964599092992.000000 0.378552407 -0.273810983 6.169889927 0.048180036 -0.077442870 -0.043005839 0.994902909
1750194965263589120.000000 0.373080164 -0.276993930 6.228136539 0.048332915 -0.076506600 -0.045694377 0.994848132
1750194966580763904.000000 0.369638979 -0.271158189 6.361112595 0.028301064 -0.076712854 -0.039301839 0.995876312
1750194967268912640.000000 0.367302656 -0.275247842 6.427495480 0.028568072 -0.082475960 -0.034622971 0.995581686
1750194967736250624.000000 0.367627829 -0.281480908 6.467929840 0.029840324 -0.081202529 -0.035889331 0.995604217
1750194968219843072.000000 0.366494060 -0.286054254 6.505569458 0.032189902 -0.078501575 -0.039468247 0.995612144
1750194968468781312.000000 0.364150912 -0.287826002 6.524388313 0.033686444 -0.077430129 -0.042389080 0.995526493
1750194968948318976.000000 0.362664700 -0.291097134 6.562714100 0.036408912 -0.072227083 -0.052351210 0.995347679
1750194969181823488.000000 0.361063212 -0.294865727 6.580342293 0.037611969 -0.071452335 -0.051871795 0.995383978
1750194969415964928.000000 0.359360248 -0.297888130 6.599407196 0.039106425 -0.071425371 -0.050514888 0.995398104
1750194969647316992.000000 0.358696312 -0.300491244 6.618586540 0.040502399 -0.071466230 -0.047321450 0.995496273
1750194969875045376.000000 0.358192980 -0.302364707 6.639249325 0.042315565 -0.070506506 -0.046326458 0.995536089
1750194970101970432.000000 0.357824534 -0.306550384 6.659715652 0.044534046 -0.070054732 -0.047148615 0.995432615
1750194970336582656.000000 0.356231898 -0.308573395 6.678665161 0.046648785 -0.069745496 -0.048968688 0.995269597
1750194970566835200.000000 0.353554845 -0.312047333 6.696081161 0.048575256 -0.069778860 -0.050559070 0.995095551
1750194971017134080.000000 0.349839807 -0.316575229 6.735145569 0.049757574 -0.070960276 -0.046069004 0.995171607
1750194971455592448.000000 0.349390864 -0.318538964 6.775458336 0.049451068 -0.071387410 -0.040224370 0.995409667
1750194971899090176.000000 0.348167717 -0.319156289 6.816589832 0.047920693 -0.074466057 -0.034723241 0.995466113
1750194972343485952.000000 0.347598016 -0.328267068 6.856349468 0.047470242 -0.077125035 -0.024292016 0.995594442
1750194973003925504.000000 0.352434695 -0.334127843 6.921883583 0.047356728 -0.077521995 -0.011939450 0.995793760
1750194973925897728.000000 0.348512352 -0.344234854 6.994880199 0.046860307 -0.076676138 -0.021223206 0.995728135
1750194974622621696.000000 0.346091419 -0.347337395 7.054411411 0.046531245 -0.074799195 -0.026056938 0.995771587
1750194975304284672.000000 0.347100705 -0.352121741 7.114043236 0.043199688 -0.072734565 -0.022848865 0.996153295
1750194975521795584.000000 0.350216895 -0.362299174 7.132800579 0.044942748 -0.073795661 -0.013023999 0.996175110
1750194975737551104.000000 0.352237433 -0.371425420 7.151239395 0.048803985 -0.075715356 -0.006830778 0.995911002
1750194976163255808.000000 0.357230306 -0.387478918 7.185916424 0.057851914 -0.079701558 0.002799763 0.995134652
1750194976377993728.000000 0.358541995 -0.393050760 7.204540730 0.062149394 -0.079249501 0.003799752 0.994908333
1750194976594375168.000000 0.360072970 -0.397523105 7.224333763 0.066636667 -0.078817017 0.001682713 0.994658053
1750194976808906240.000000 0.357638747 -0.399975061 7.243636608 0.070597269 -0.077496745 -0.002245926 0.994487405
1750194977024311040.000000 0.355745524 -0.400810689 7.262327671 0.073560990 -0.076244973 -0.005643182 0.994355917
1750194977229964032.000000 0.352890402 -0.399438679 7.282790184 0.074787855 -0.075146355 -0.007998684 0.994331837
1750194977634866688.000000 0.350240290 -0.397989511 7.325039864 0.069936201 -0.075010404 -0.004164820 0.994718552
1750194977844561408.000000 0.351109833 -0.394699186 7.346532345 0.064576879 -0.074623726 -0.002391328 0.995115817
1750194978053422848.000000 0.353502423 -0.388269097 7.370455742 0.057709292 -0.072495274 -0.000643482 0.995697558
1750194978268248320.000000 0.355677485 -0.385321915 7.395584106 0.050910264 -0.070269994 -0.004128607 0.996219456
1750194978483999232.000000 0.356940478 -0.383845448 7.420121193 0.045831788 -0.070375428 -0.007553653 0.996438503
1750194979143459072.000000 0.354858249 -0.385570824 7.486655712 0.038001049 -0.074271917 -0.012419134 0.996436357
1750194979587660032.000000 0.353471071 -0.387487859 7.525337696 0.039051142 -0.076376058 -0.019023724 0.996132433
1750194980266693376.000000 0.349198312 -0.403263003 7.577410221 0.044087719 -0.082033195 -0.020142572 0.995450258
1750194980486125824.000000 0.348608911 -0.416347533 7.586828232 0.046339173 -0.091225185 -0.015367097 0.994632840
1750194980712244992.000000 0.347527057 -0.415663511 7.598993301 0.050557710 -0.101630688 -0.018586939 0.993362844
1750194981155826688.000000 0.333349675 -0.405976176 7.616151333 0.057526540 -0.129652470 -0.025947463 0.989549279
1750194981378731776.000000 0.323870420 -0.412308574 7.626206875 0.058019202 -0.140068486 -0.021072272 0.988215864
1750194981826429184.000000 0.310164154 -0.416186601 7.653852463 0.055710386 -0.156214595 -0.018036963 0.985985816
1750194982734202112.000000 0.293625683 -0.405991822 7.731199741 0.040476628 -0.161482528 -0.025183033 0.985723495
1750194983400202496.000000 0.290957779 -0.418921649 7.789711952 0.036740180 -0.158367261 -0.015199624 0.986579418
1750194983853221632.000000 0.305162817 -0.423974544 7.831232548 0.039600253 -0.144386590 -0.014452611 0.988623023
1750194984308444416.000000 0.326357126 -0.432086319 7.869709492 0.044996589 -0.123436406 -0.010682571 0.991274297
1750194984527500032.000000 0.338824987 -0.433982342 7.889869213 0.047217268 -0.108745642 -0.011255518 0.992883801
1750194984741520896.000000 0.352698684 -0.438051045 7.909026146 0.049707882 -0.092659555 -0.008370369 0.994421065
1750194984958405376.000000 0.369867355 -0.440363556 7.930630207 0.051690437 -0.076905370 -0.007180426 0.995671690
1750194985185715712.000000 0.381145656 -0.442759871 7.950203896 0.054179095 -0.064953052 -0.006786978 0.996393383
1750194985616990976.000000 0.397493273 -0.447280228 7.994097233 0.057581834 -0.047278479 -0.016938427 0.997076869
1750194986043735040.000000 0.416154981 -0.452081293 8.034144402 0.055096839 -0.025526484 -0.028878363 0.997736871
1750194986476927744.000000 0.443900943 -0.446955293 8.074614525 0.049029876 -0.004336304 -0.029938309 0.998339117
1750194986690788864.000000 0.456395656 -0.450404406 8.093187332 0.048419461 -0.004746723 -0.025053548 0.998501539
1750194987344147200.000000 0.462048292 -0.456106424 8.155770302 0.054717809 -0.008174226 -0.019630346 0.998275399
1750194987773601792.000000 0.477235645 -0.465228677 8.196219444 0.060807656 -0.000533844 -0.021760806 0.997912109
1750194988193907712.000000 0.505918145 -0.470426351 8.236693382 0.062150635 0.021006826 -0.022429001 0.997593582
1750194988618448896.000000 0.545051634 -0.471337169 8.275196075 0.057558253 0.051930990 -0.020993695 0.996769547
1750194989048414720.000000 0.572960973 -0.474900573 8.311658859 0.051828854 0.066916227 -0.023105830 0.996143639
1750194989705924352.000000 0.596204519 -0.477763712 8.374473572 0.044697072 0.074497908 -0.028760726 0.995803773
1750194990371572992.000000 0.625502348 -0.491022915 8.431696892 0.045318101 0.089197807 -0.021397833 0.994752288
1750194991035350016.000000 0.647169769 -0.500232816 8.489754677 0.051076494 0.102571085 -0.029172329 0.992985070
1750194991683861248.000000 0.699166536 -0.511372089 8.548996925 0.055050518 0.145312428 -0.035060119 0.987230718
1750194992325704960.000000 0.751873314 -0.515144825 8.603958130 0.053787250 0.193810806 -0.043914579 0.978578508
1750194992968746752.000000 0.800844431 -0.526418746 8.662549019 0.056290872 0.236755118 -0.038347598 0.969178975
1750194993182421504.000000 0.812125146 -0.530682325 8.677417755 0.058122214 0.239908040 -0.038079917 0.968305707
1750194993827200512.000000 0.842534900 -0.550686479 8.728453636 0.069618836 0.243892163 -0.032414388 0.966757059
1750194994443259648.000000 0.887678385 -0.566114962 8.774864197 0.081317440 0.254172534 -0.025899563 0.963386238
1750194995251391744.000000 0.963653624 -0.569135547 8.837805748 0.074559934 0.285180360 -0.027560489 0.955171943
1750194995871574784.000000 1.039975643 -0.565561473 8.886234283 0.060282577 0.325177163 -0.029615700 0.943264961
1750194996505616384.000000 1.103336811 -0.576629519 8.936964035 0.052970786 0.351562738 -0.030602576 0.934163451
1750194997126961408.000000 1.157064319 -0.583856702 8.982942581 0.044918496 0.359029979 -0.024871172 0.931912720
1750194997743829248.000000 1.205878615 -0.588952899 9.033270836 0.038667023 0.358224034 -0.025699643 0.932480574
1750194998152606208.000000 1.241619825 -0.592877388 9.066030502 0.035405569 0.362598926 -0.026927710 0.930883169
1750194998361132288.000000 1.263734579 -0.598951280 9.082201958 0.037261248 0.368369281 -0.025210971 0.928590357
1750194998566752768.000000 1.286913395 -0.604873955 9.096659660 0.039819647 0.376832694 -0.023631265 0.925123274
1750194998772183808.000000 1.314157605 -0.606333017 9.111134529 0.041135348 0.386393279 -0.025065733 0.921075344
1750194998978006016.000000 1.338869691 -0.608838379 9.125789642 0.043425016 0.392533779 -0.023442280 0.918412745
1750194999182616832.000000 1.362290621 -0.611898065 9.138440132 0.045570280 0.395992756 -0.020179467 0.916900218
1750194999386651648.000000 1.383831620 -0.611562669 9.150918007 0.045095954 0.400155067 -0.019421063 0.915131211
1750194999586310656.000000 1.409685135 -0.612291038 9.162725449 0.043676902 0.404159606 -0.018023621 0.913467288
1750194999784644096.000000 1.435553074 -0.610812902 9.175097466 0.040118955 0.408959240 -0.018162094 0.911489427
1750194999990410240.000000 1.460261941 -0.607781291 9.188199043 0.036324337 0.415059626 -0.016241422 0.908923686
1750195000195332608.000000 1.486271143 -0.606461942 9.199995995 0.035149470 0.419598073 -0.007420301 0.906998873
1750195000621076480.000000 1.539909124 -0.607311308 9.220158577 0.027328068 0.428165823 0.000468217 0.903286815
1750195000842934272.000000 1.565192342 -0.608873546 9.229888916 0.024018265 0.431785107 0.005734272 0.901638448
1750195001056091904.000000 1.590348005 -0.608758152 9.242238998 0.019833824 0.435117066 0.010184635 0.900097847
1750195001270186496.000000 1.616187572 -0.609766781 9.253638268 0.018354947 0.437199950 0.019574670 0.898963928
1750195001483462144.000000 1.641432762 -0.609788299 9.264034271 0.015765220 0.438560188 0.026409527 0.898175418
1750195001698651904.000000 1.665454149 -0.609998107 9.275661469 0.013045067 0.439649254 0.031207772 0.897532403
1750195001915511808.000000 1.690835238 -0.611274719 9.287895203 0.010552797 0.440243781 0.035592671 0.897110522
1750195002128190464.000000 1.713507295 -0.612836123 9.298926353 0.008091518 0.441499054 0.037876111 0.896425426
1750195002347986688.000000 1.739540577 -0.613642037 9.310492516 0.004714265 0.444420964 0.036349200 0.895067930
1750195002562029568.000000 1.767421007 -0.616628468 9.323134422 0.004911975 0.446862906 0.040388998 0.893676758
1750195002780009984.000000 1.795236349 -0.620035529 9.335454941 0.008272242 0.448129803 0.046767801 0.892706037
1750195003000009728.000000 1.820370913 -0.625054777 9.346100807 0.011685708 0.449037135 0.049506873 0.892063975
1750195003218674944.000000 1.847287536 -0.627410054 9.357810974 0.013900823 0.449188918 0.046133097 0.892136693
1750195003434511104.000000 1.871616125 -0.630279779 9.370494843 0.017099075 0.448241681 0.040588196 0.892826736
1750195003650454528.000000 1.895448208 -0.631616473 9.382844925 0.019376433 0.446554661 0.031187013 0.894002736
1750195003865222656.000000 1.917900681 -0.634984195 9.397311211 0.025077889 0.443517417 0.025578229 0.895549655
1750195004070733824.000000 1.939793348 -0.638367593 9.411982536 0.031070041 0.440620542 0.019791253 0.896937311
1750195004276148480.000000 1.961670637 -0.643527508 9.426021576 0.038474809 0.437603056 0.014553684 0.898226857
1750195004475791360.000000 1.984220266 -0.645734906 9.437897682 0.043979026 0.436387628 0.008195996 0.898645937
1750195004674705408.000000 2.008385181 -0.648709178 9.451172829 0.049685117 0.436639071 0.002439194 0.898260415
1750195004872130560.000000 2.031511784 -0.655869484 9.460589409 0.057501517 0.437533647 0.001827928 0.897359788
1750195005068488192.000000 2.051519394 -0.663320661 9.467902184 0.064724803 0.438984782 0.001531857 0.896158874
1750195005261118720.000000 2.079856873 -0.665539622 9.478908539 0.068472892 0.442155451 -0.001992791 0.894318819
1750195005455396352.000000 2.106748104 -0.669285893 9.487172127 0.072314635 0.444912910 -0.000361194 0.892649472
1750195005651951360.000000 2.132560015 -0.671863854 9.497234344 0.073458821 0.447975963 0.002041619 0.891020358
1750195005846205184.000000 2.159448147 -0.672745705 9.504097939 0.070627898 0.452357352 0.002402016 0.889032483
1750195006045152000.000000 2.186947584 -0.670334399 9.513157845 0.066663451 0.458125621 0.005694805 0.886365891
1750195006243721728.000000 2.214543581 -0.668104291 9.522324562 0.061532021 0.463540465 0.008960847 0.883891284
1750195006440991744.000000 2.240803242 -0.668562412 9.535832405 0.056743063 0.466574520 0.011547594 0.882584333
1750195006638954240.000000 2.263008833 -0.670002341 9.548079491 0.051885512 0.467357248 0.009642637 0.882492006
1750195006835774720.000000 2.283509493 -0.673289537 9.560529709 0.049738429 0.464988649 0.008151172 0.883880794
1750195007032283392.000000 2.305158854 -0.678999364 9.575942039 0.050691478 0.459225088 0.008007902 0.886836290
1750195007230153472.000000 2.329325914 -0.680128455 9.593299866 0.051197536 0.453387052 0.003571562 0.889834940
1750195007421751552.000000 2.349335432 -0.685231686 9.607546806 0.051715508 0.447699219 -0.006012525 0.892667234
1750195007621273344.000000 2.373196840 -0.691842198 9.624233246 0.056391053 0.443046451 -0.011765765 0.894646049
1750195007814359296.000000 2.397545338 -0.694945633 9.638669968 0.061985753 0.441558540 -0.017451746 0.894918561
1750195008013015552.000000 2.417668104 -0.702302933 9.648099899 0.069600932 0.440670311 -0.018845905 0.894768298
1750195008205856000.000000 2.442800045 -0.707395732 9.661704063 0.077611461 0.439604074 -0.016475752 0.894680560
1750195008780693504.000000 2.498147011 -0.721682072 9.684032440 0.085432135 0.441978902 -0.008914265 0.892903447
1750195008972224256.000000 2.521795988 -0.720238626 9.693033218 0.082900599 0.445312113 -0.006312507 0.891507030
1750195009166348544.000000 2.546789408 -0.715920448 9.704303741 0.077129193 0.449502289 -0.004974925 0.889929235
1750195009362062080.000000 2.570554018 -0.713035762 9.715909958 0.071019553 0.452282608 -0.000590171 0.889042377
1750195009553722880.000000 2.591727734 -0.709687829 9.726446152 0.063067451 0.453826636 0.001914973 0.888853312
1750195009746209280.000000 2.614509344 -0.704828978 9.740786552 0.052794345 0.455089092 0.001585698 0.888878047
1750195009945762048.000000 2.638336420 -0.699823022 9.756593704 0.043583993 0.455801100 0.002562077 0.889010251
1750195010141457152.000000 2.661856890 -0.699727058 9.773571968 0.035626292 0.455067694 0.004208237 0.889733911
1750195010340851456.000000 2.686502934 -0.700764298 9.790824890 0.028240332 0.453991354 0.003332604 0.890552223
1750195010539961088.000000 2.708853722 -0.701335967 9.805455208 0.023583934 0.451609820 0.003229863 0.891897917
1750195010742960640.000000 2.730901957 -0.702123642 9.820837975 0.021899497 0.448947370 0.005807807 0.893270969
1750195010947238144.000000 2.752601862 -0.706447959 9.834368706 0.021487571 0.446163476 0.007314797 0.894663632
1750195011153234944.000000 2.776408195 -0.707945883 9.848182678 0.022250272 0.444188088 0.011641193 0.895581543
1750195011354738176.000000 2.798578501 -0.710070372 9.861499786 0.022293197 0.443228602 0.014123689 0.896020114
1750195011757032192.000000 2.844911575 -0.710335493 9.888044357 0.021955768 0.442028344 0.020194924 0.896504879
1750195012164355072.000000 2.892653227 -0.708567441 9.915182114 0.019081734 0.443713158 0.024162507 0.895639837
1750195012770350080.000000 2.966424227 -0.712354958 9.960010529 0.019174203 0.440752119 0.019271366 0.897217095
1750195013176863488.000000 3.011323929 -0.719710171 9.988663673 0.024204675 0.437799662 0.011920092 0.898667634
1750195013586270464.000000 3.056294918 -0.722478747 10.014488220 0.028260328 0.441434801 0.010568158 0.896785915
1750195014193464064.000000 3.130803108 -0.717425942 10.053737640 0.019627698 0.452020019 0.011223217 0.891721189
1750195015004609792.000000 3.237950325 -0.706495583 10.113708496 0.006570603 0.455073714 0.037148513 0.889654279
1750195015630855680.000000 3.324487209 -0.707094193 10.166168213 0.004492060 0.446554035 0.042358018 0.893742204
1750195016046662656.000000 3.384464502 -0.704813600 10.198792458 0.005730886 0.442144573 0.045980226 0.895746171
1750195016665490432.000000 3.485642672 -0.685604751 10.242954254 -0.007836291 0.456305206 0.043428779 0.888728380
1750195017329809152.000000 3.589813709 -0.684659898 10.279470444 -0.010630625 0.468806297 0.066931993 0.880697310
1750195017755295744.000000 3.666301250 -0.674820483 10.306425095 -0.020283185 0.473661602 0.055815522 0.878702402
1750195018186857216.000000 3.742038488 -0.670208037 10.338722229 -0.015525801 0.473580062 0.057628743 0.878726304
1750195018619304192.000000 3.823240757 -0.664936543 10.368453979 -0.009095968 0.475498945 0.059804458 0.877633989
1750195018835495680.000000 3.865868330 -0.658551157 10.382061005 -0.010237918 0.477074265 0.051637694 0.877284944
1750195019278684928.000000 3.950095177 -0.656754971 10.412799835 -0.001027478 0.478498042 0.056100223 0.876294076
1750195019496007680.000000 3.991801739 -0.656644106 10.425203323 -0.000626983 0.479966044 0.050376486 0.875839233
1750195019714538240.000000 4.035370827 -0.651703119 10.439063072 -0.002212482 0.481190085 0.040027224 0.875699162
1750195019931620864.000000 4.074620724 -0.653933048 10.453676224 -0.000102236 0.480687290 0.035578053 0.876170099
1750195020144925440.000000 4.112981319 -0.656921744 10.469169617 0.003624776 0.478944868 0.034157570 0.877172709
1750195020359736064.000000 4.151954174 -0.655373454 10.485504150 0.006377925 0.477532864 0.031802054 0.878015041
1750195020575990784.000000 4.189302444 -0.651183248 10.500516891 0.008765800 0.476771355 0.029941635 0.878473520
1750195020789305600.000000 4.225396633 -0.655220568 10.516485214 0.012188665 0.476738364 0.033602666 0.878318191
1750195020999378944.000000 4.261851788 -0.659398258 10.530164719 0.014704091 0.477402717 0.035969146 0.877825022
1750195021210001664.000000 4.298318863 -0.658227682 10.542886734 0.014475330 0.478667587 0.033155512 0.877250612
1750195021637616128.000000 4.375987053 -0.650380969 10.571865082 0.016220696 0.480189145 0.034064628 0.876353204
1750195021850588928.000000 4.409323215 -0.654028654 10.583765030 0.015329121 0.481047422 0.035031434 0.875860333
1750195022276564224.000000 4.484076500 -0.643417537 10.607850075 0.006401054 0.487490952 0.031753175 0.872527003
1750195022934332928.000000 4.593503475 -0.631954491 10.645191193 -0.003897910 0.504363477 0.050259110 0.862018764
1750195023791694592.000000 4.732189178 -0.626898527 10.694620132 -0.019295624 0.520248175 0.045896154 0.852562726
1750195024223421440.000000 4.799613953 -0.623487413 10.722562790 -0.015151626 0.521861553 0.041728344 0.851874292
1750195024672585216.000000 4.873048306 -0.622673750 10.751983643 -0.000950902 0.520065308 0.046451330 0.852861941
1750195024891461120.000000 4.910817623 -0.623977423 10.766582489 0.000310340 0.518878281 0.043170698 0.853757322
1750195025324199168.000000 4.985004425 -0.618942380 10.796745300 0.007677908 0.512759387 0.048778202 0.857111096
1750195025759702016.000000 5.060496807 -0.615661502 10.820148468 0.003446844 0.514046788 0.045978736 0.856522083
1750195025980696576.000000 5.099979877 -0.607666492 10.831062317 -0.000919479 0.518070936 0.043517105 0.854229450
1750195026209082880.000000 5.138605118 -0.602872968 10.840373039 -0.004474461 0.523705602 0.045394737 0.850677252
1750195026431320576.000000 5.176653862 -0.601223767 10.848644257 -0.005164772 0.529201984 0.054054312 0.846756637
1750195026869412608.000000 5.248715878 -0.596269190 10.861736298 -0.007172789 0.538423061 0.072074465 0.839556158
1750195027094514944.000000 5.287449360 -0.591041207 10.868570328 -0.007766252 0.542646050 0.081487559 0.835963368
1750195027314582528.000000 5.325562000 -0.588954151 10.875202179 -0.009262841 0.545470893 0.086451568 0.833607733
1750195027538092800.000000 5.364079475 -0.588750541 10.884877205 -0.007894061 0.545437455 0.090810530 0.833180130
1750195027764041728.000000 5.404932976 -0.584180772 10.896227837 -0.006944855 0.543437600 0.091899224 0.834375143
1750195027995243520.000000 5.442681313 -0.582834959 10.907052994 -0.007137615 0.539092779 0.086637601 0.837748170
1750195028218885632.000000 5.479487419 -0.588283956 10.917617798 -0.002634532 0.531528115 0.084403582 0.842820823
1750195028451908608.000000 5.513309479 -0.593467355 10.925274849 -0.000915819 0.524813116 0.075271711 0.847882390
1750195028673429504.000000 5.551211357 -0.591030359 10.931472778 0.001039918 0.518368959 0.063712329 0.852779746
1750195028895814144.000000 5.584818840 -0.589147270 10.940113068 0.011099051 0.508625805 0.063064560 0.858603179
1750195029121725440.000000 5.618044853 -0.592999697 10.946084976 0.020999771 0.499411404 0.056537546 0.864263117
1750195029338289664.000000 5.652106762 -0.598734915 10.950237274 0.030681258 0.489860415 0.044975929 0.870099247
1750195029554506496.000000 5.683750629 -0.600845098 10.957687378 0.044277124 0.477797419 0.037444975 0.876554132
1750195029769265920.000000 5.714061737 -0.607119620 10.964250565 0.063276447 0.465515941 0.040572055 0.881841779
1750195029984952832.000000 5.742897987 -0.619898319 10.968093872 0.077228263 0.457808107 0.039367031 0.884815156
1750195030195593728.000000 5.772313118 -0.631011844 10.971223831 0.087608762 0.453720123 0.037312906 0.886042058
1750195030402383616.000000 5.805027008 -0.636295438 10.974313736 0.095272839 0.453033507 0.035023861 0.885695875
1750195030608688896.000000 5.842077255 -0.635802805 10.978820801 0.098861918 0.457003742 0.030481361 0.883427858
1750195030812259584.000000 5.879166603 -0.635323107 10.982362747 0.099442378 0.466475040 0.028394952 0.878468037
1750195031018875392.000000 5.916790962 -0.635426879 10.985008240 0.098297209 0.478705466 0.030797822 0.871911824
1750195031421201664.000000 5.989483833 -0.630112708 10.990052223 0.088459924 0.504596353 0.034276266 0.858127356
1750195031629704704.000000 6.027424812 -0.622236729 10.994825363 0.079225987 0.517519951 0.032576729 0.851372540
1750195031845638400.000000 6.061089516 -0.619320512 11.001117706 0.072956100 0.526767254 0.036323830 0.846093535
1750195032057579776.000000 6.092542171 -0.621388555 11.010745049 0.068358041 0.531816185 0.039270326 0.843182445
1750195032271267328.000000 6.123847008 -0.623063982 11.021591187 0.062131643 0.535459995 0.035017557 0.841543913
1750195032483541760.000000 6.156216621 -0.622955918 11.033313751 0.055801522 0.539507926 0.027418843 0.839681864
1750195032698341120.000000 6.189108849 -0.623643637 11.045488358 0.052457627 0.544450641 0.022739543 0.836842120
1750195032912618496.000000 6.221599579 -0.627207458 11.056570053 0.053156964 0.550801575 0.022052443 0.832649767
1750195033120356864.000000 6.253255844 -0.630615771 11.065539360 0.055361662 0.558532476 0.022549799 0.827325821
1750195033334423040.000000 6.284897327 -0.634586573 11.072645187 0.058270693 0.568469882 0.021978719 0.820343435
1750195033548295424.000000 6.313942432 -0.641627967 11.078655243 0.062502846 0.579003334 0.021808458 0.812633276
1750195033760908800.000000 6.344599724 -0.646266520 11.081329346 0.064835064 0.589974642 0.019083058 0.804588199
1750195033972007168.000000 6.374641418 -0.650102198 11.083375931 0.066999219 0.601141393 0.018346207 0.796117783
1750195034181541376.000000 6.404860973 -0.653848290 11.082220078 0.067733340 0.612599671 0.018939331 0.787257969
1750195034387911936.000000 6.436970711 -0.655395746 11.078769684 0.068190359 0.624165058 0.022146417 0.777995825
1750195034597385472.000000 6.469742775 -0.654405355 11.074209213 0.065913513 0.636164784 0.023820875 0.768363416
1750195035022721280.000000 6.539536476 -0.649594605 11.063175201 0.057933923 0.661589324 0.025203770 0.747200191
1750195035654216960.000000 6.635211945 -0.655229032 11.053212166 0.059552185 0.699183166 0.025077015 0.712016642
1750195036884345600.000000 6.813326836 -0.664092302 11.003496170 0.061880719 0.757912874 0.024461078 0.648953497
1750195039351334656.000000 7.162361145 -0.645615339 10.822237015 0.045662060 0.864392698 0.043773111 0.498822808
1750195042016610048.000000 7.442652702 -0.628758073 10.551958084 0.025570001 0.945280612 0.044768058 0.322159201
1750195045181839616.000000 7.653265953 -0.580621839 10.172588348 0.011678556 0.993710220 0.072561927 0.084488921
1750195052506763520.000000 7.722120285 -0.515805960 9.480180740 -0.008758147 -0.995234728 -0.047944747 0.084453881
1750195058603331840.000000 7.821968555 -0.522634804 9.002259254 -0.013909661 -0.988803923 0.000769767 0.148569107
1750195066673769216.000000 7.816379547 -0.467190802 8.376079559 -0.010845244 -0.989821851 -0.039979856 0.136149794
1750195070491539968.000000 7.794736385 -0.514387190 8.114788055 0.009099963 -0.987927258 0.038088355 0.149887428
1750195075519357696.000000 7.891358852 -0.522861719 7.715606689 0.005799550 -0.995312095 0.037151445 0.089106336
1750195082751481856.000000 8.016484261 -0.516637802 7.171601295 -0.007776913 -0.995997548 -0.000496261 0.089040115
1750195089135101184.000000 8.066307068 -0.502377033 6.657269478 0.011500502 -0.995917261 -0.003918195 0.089449510
1750195093535955712.000000 8.151638031 -0.538093626 6.342846394 -0.017189233 -0.997942507 0.049085040 0.037496977
1750195100874560000.000000 8.202158928 -0.510252416 5.763412476 -0.013785186 -0.988867044 -0.008281253 0.147930413
1750195105326729472.000000 8.160580635 -0.510448694 5.419430733 -0.007652460 -0.988914192 -0.001041252 0.148287147
1750195110033660160.000000 8.092105865 -0.496962905 5.062266350 0.022020498 -0.975023985 -0.005633872 0.220933378
1750195112884503040.000000 7.997403145 -0.477457404 4.856595039 0.011651306 -0.971263051 -0.021291574 0.236768022
1750195113542511616.000000 8.021427155 -0.471504271 4.808534622 0.000230101 -0.981622100 -0.021687645 0.189598843
1750195114684708352.000000 8.004096985 -0.481729835 4.734118462 -0.005878533 -0.981186390 -0.002738657 0.192953855
1750195116013278976.000000 7.998893738 -0.505067706 4.647270203 -0.012767162 -0.983241260 0.009195883 0.181629092
1750195117135478784.000000 8.012079239 -0.487088859 4.567825317 -0.027117455 -0.988554716 -0.010267689 0.148049816
1750195118043311872.000000 7.999939919 -0.481587648 4.488903046 -0.029242592 -0.988279641 -0.019293210 0.148580015
1750195118727662848.000000 7.991937160 -0.478419125 4.433962822 -0.021876507 -0.987706423 -0.011301982 0.154368699
1750195119170669056.000000 7.986953735 -0.497579455 4.403843880 -0.026974631 -0.985665202 0.002729205 0.166520461
1750195119615379968.000000 7.958805561 -0.510251284 4.405333519 -0.026128590 -0.986975610 0.012598686 0.158233270
1750195119824658944.000000 7.952301025 -0.507179976 4.419644356 -0.020630777 -0.989724159 0.016460888 0.140532777
1750195120237733120.000000 7.984849930 -0.507602274 4.421821117 -0.007175851 -0.994612992 0.017368913 0.101940766
1750195120657880576.000000 8.028617859 -0.501722157 4.419147491 -0.003329953 -0.997661054 0.017771486 0.065920778
1750195122536363776.000000 8.072038651 -0.517845869 4.376303673 -0.026597824 -0.997332871 0.023727376 0.063693196
1750195123164797440.000000 8.128839493 -0.507863283 4.381646633 -0.024219833 -0.999247909 0.011760604 0.027906187
1750195123624079104.000000 8.158755302 -0.507482529 4.378530502 -0.025123155 -0.999428391 0.009483282 0.020538440
1750195124921698560.000000 8.159899712 -0.531059980 4.312016010 -0.016201466 -0.993478894 0.047780234 0.102246523
1750195125732947456.000000 8.138694763 -0.568173766 4.284774780 -0.026475593 -0.984831512 0.079842120 0.151760370
1750195128423210752.000000 8.040845871 -0.549270511 4.136718750 -0.038493432 -0.976015091 0.050237104 0.208300546
1750195129864989952.000000 7.958530903 -0.541837692 4.084116936 -0.064018793 -0.952113152 0.029482098 0.297511280
1750195136077810176.000000 7.682285309 -0.506241202 3.818628311 -0.085265011 -0.924483716 0.010023659 0.371428728
1750195139524930816.000000 7.482932091 -0.484737396 3.774401665 -0.098845020 -0.877747595 -0.001515305 0.468813986
1750195142183725056.000000 7.276105881 -0.458310544 3.748237610 -0.106154196 -0.837139249 -0.011090463 0.536475718
1750195145400215296.000000 7.047751427 -0.437503576 3.712826729 -0.076781482 -0.823837698 0.008101703 0.561542869
1750195148200259072.000000 6.857277393 -0.415445834 3.689507961 -0.073497720 -0.824119806 0.000242474 0.561626732
1750195150282571776.000000 6.767958164 -0.439295113 3.639070511 -0.065683879 -0.842355371 0.040811673 0.533345520
1750195153633458688.000000 6.583584309 -0.437817514 3.574202538 -0.045705099 -0.841652155 0.042409647 0.536408544
1750195154868340992.000000 6.498286247 -0.455641270 3.567474842 -0.026603332 -0.829306602 0.058599882 0.555075586
1750195155871377152.000000 6.441382408 -0.427789629 3.599452972 -0.044711106 -0.794768333 0.043853719 0.603672981
1750195156685766144.000000 6.406198978 -0.390624791 3.588381290 -0.046958875 -0.776566029 0.001390900 0.628282011
1750195157626825216.000000 6.356238365 -0.386393666 3.603486538 -0.043016877 -0.760800779 -0.022648413 0.647162020
1750195158799288832.000000 6.296811104 -0.396446019 3.606482983 -0.024893329 -0.741358042 -0.008923850 0.670588613
1750195161800420608.000000 6.210496902 -0.411880553 3.596252680 -0.032067847 -0.730903268 0.037707388 0.680683732
1750195163668604928.000000 6.075372696 -0.421051502 3.566348553 -0.007757856 -0.752639532 0.044172980 0.656903684
1750195166980407552.000000 5.938582420 -0.434359372 3.528542519 0.008620706 -0.792780876 0.048681535 0.607498288
1750195172756144128.000000 5.749742031 -0.465729177 3.418539047 0.027743289 -0.841498494 0.057531644 0.536470652
1750195186077742848.000000 5.082031250 -0.418781340 3.298651695 -0.031447146 -0.821582317 -0.002889154 0.569214582
1750195198236311552.000000 4.273040295 -0.380295604 3.101369858 -0.016920667 -0.812545776 -0.034490738 0.581629992
1750195209145210368.000000 3.374757528 -0.282762378 3.115230322 -0.015946286 -0.704828620 -0.020216072 0.708910167
1750195220603087360.000000 2.505344391 -0.217359677 3.489919186 -0.018095292 -0.619673967 -0.039944191 0.783633351
1750195228790394112.000000 1.869655609 -0.182377443 3.695980549 0.008436920 -0.624059200 -0.039794564 0.780317485
1750195236487136512.000000 1.325098276 -0.169165403 3.935393333 -0.008060243 -0.646290183 0.006134751 0.763024509
1750195242280569856.000000 0.948618412 -0.184989601 4.068301201 0.014616950 -0.642313540 0.007211714 0.766268671
1750195245287597312.000000 0.814975739 -0.177668691 4.255325317 0.009918801 -0.521417260 0.000988190 0.853243649
1750195247786483712.000000 0.741800427 -0.181923449 4.426902771 0.005213876 -0.437598139 0.001789980 0.899153769
1750195249843264768.000000 0.686365843 -0.191303253 4.579069138 0.013812293 -0.383245766 0.011946562 0.923465908
1750195252131129344.000000 0.616846144 -0.190605655 4.756148815 0.017175963 -0.345418215 0.005192915 0.938277304
1750195253523488512.000000 0.615564942 -0.202153519 4.857039452 0.019386740 -0.297814101 0.009248784 0.954382181
1750195254638288640.000000 0.596996486 -0.212618172 4.935011387 0.026926402 -0.286158532 0.001748960 0.957802296
1750195255750694912.000000 0.602403283 -0.212335840 5.045846939 0.028964661 -0.226685777 -0.005355721 0.973522425
1750195258215808256.000000 0.571785569 -0.212633625 5.269136906 0.028405469 -0.205508456 -0.019435050 0.978049994
1750195260045987584.000000 0.532101035 -0.224623010 5.411078453 0.033985879 -0.204323590 -0.032879885 0.977760613
1750195261859526144.000000 0.478521228 -0.228716582 5.560692310 0.034914106 -0.213331521 -0.030827902 0.975869000
1750195263720316672.000000 0.436148226 -0.246380150 5.695736408 0.059253208 -0.210511491 -0.042579584 0.974864602
1750195265560299520.000000 0.426918805 -0.242621824 5.850917339 0.029871523 -0.169477224 -0.053877223 0.983606815
1750195267161226752.000000 0.444116950 -0.255982101 6.005294323 0.030227404 -0.117853150 -0.048214093 0.991399169
1750195268976150272.000000 0.466455340 -0.288474768 6.155466557 0.053171381 -0.078937910 -0.036921073 0.994775593
1750195271551149056.000000 0.457374781 -0.289091140 6.406802177 0.040991586 -0.071658991 -0.049158100 0.995373428
