1750194798.917424202
1750194799.267169714
1750194799.616245747
1750194799.965341330
1750194800.314440966
1750194800.665435076
1750194801.022772551
1750194801.369603157
1750194801.715738058
1750194802.064814091
1750194802.423278570
1750194802.782475948
1750194803.139545202
1750194803.496650934
1750194803.855627775
1750194804.214780569
1750194804.570009947
1750194804.924752712
1750194805.277731180
1750194805.630269766
1750194805.981885672
1750194806.337508678
1750194806.687672138
1750194807.039355993
1750194807.394746780
1750194807.749936581
1750194808.100828409
1750194808.451736689
1750194808.804125071
1750194809.153985500
1750194809.505707264
1750194809.855511189
1750194810.204721212
1750194810.556166887
1750194810.909426928
1750194811.259683609
1750194811.613374710
1750194811.964502811
1750194812.315853596
1750194812.668114662
1750194813.018821478
1750194813.368496418
1750194813.722114563
1750194814.073641062
1750194814.424841642
1750194814.778060436
1750194815.126363277
1750194815.478561640
1750194815.830194712
1750194816.182434797
1750194816.540343523
1750194816.896914959
1750194817.253889799
1750194817.606614828
1750194817.957122564
1750194818.309933662
1750194818.666643381
1750194819.020263195
1750194819.384310484
1750194819.747478724
1750194820.097371101
1750194820.447453260
1750194820.791564941
1750194821.136609316
1750194821.482475281
1750194821.828617334
1750194822.171626568
1750194822.521537066
1750194822.868442774
1750194823.217975140
1750194823.566759586
1750194823.914174318
1750194824.266066790
1750194824.611821175
1750194824.956143379
1750194825.303615332
1750194825.649455786
1750194825.997474670
1750194826.347595692
1750194826.689898968
1750194827.043076754
1750194827.396244526
1750194827.764470577
1750194828.122129440
1750194828.476755381
1750194828.818795681
1750194829.165144682
1750194829.510018110
1750194829.856260538
1750194830.224558830
1750194830.577648401
1750194830.925177574
1750194831.278101444
1750194831.626688004
1750194831.984159946
1750194832.350885868
1750194832.713430643
1750194833.069543600
1750194833.416919470
1750194833.766872883
1750194834.122858047
1750194834.480961323
1750194834.830510616
1750194835.185094595
1750194835.540608406
1750194835.898042202
1750194836.257759571
1750194836.619115114
1750194836.974344492
1750194837.330757380
1750194837.684065819
1750194838.038151741
1750194838.397832155
1750194838.749829531
1750194839.105509281
1750194839.458873034
1750194839.811497211
1750194840.167117119
1750194840.524762154
1750194840.878825188
1750194841.235635519
1750194841.592826366
1750194841.942722559
1750194842.292103529
1750194842.641454220
1750194842.994202375
1750194843.349822283
1750194843.702859879
1750194844.057316303
1750194844.415398598
1750194844.773265123
1750194845.130181551
1750194845.487914562
1750194845.851478815
1750194846.212371349
1750194846.570146561
1750194846.929461956
1750194847.291524649
1750194847.647406340
1750194847.996495008
1750194848.352417707
1750194848.711197853
1750194849.065459967
1750194849.414985657
1750194849.767467976
1750194850.127254486
1750194850.482238531
1750194850.835717678
1750194851.194082737
1750194851.555063486
1750194851.913160563
1750194852.267313242
1750194852.622071981
1750194852.975169420
1750194853.331176043
1750194853.685060263
1750194854.040654182
1750194854.396233320
1750194854.749762535
1750194855.104599476
1750194855.451796293
1750194855.800562382
1750194856.153129101
1750194856.502189636
1750194856.855952024
1750194857.208322763
1750194857.558518410
1750194857.911200285
1750194858.265707731
1750194858.619317055
1750194858.970710754
1750194859.322711706
1750194859.676077843
1750194860.025397778
1750194860.371357203
1750194860.719767094
1750194861.071813583
1750194861.422101736
1750194861.778492928
1750194862.131191254
1750194862.484849453
1750194862.835436821
1750194863.185986280
1750194863.538173676
1750194863.891367912
1750194864.242111444
1750194864.595144510
1750194864.950782061
1750194865.300014496
1750194865.654678345
1750194866.004885912
1750194866.357876778
1750194866.711332560
1750194867.065952778
1750194867.422034264
1750194867.774279356
1750194868.127902985
1750194868.484870195
1750194868.837785006
1750194869.188936234
1750194869.550087690
1750194869.904938936
1750194870.259668112
1750194870.615810871
1750194870.969265223
1750194871.325412512
1750194871.683446169
1750194872.037827730
1750194872.392460108
1750194872.747903347
1750194873.101143122
1750194873.461090326
1750194873.820469141
1750194874.178428888
1750194874.529910088
1750194874.883173943
1750194875.238502741
1750194875.592417717
1750194875.945237160
1750194876.297908306
1750194876.654508829
1750194877.006008625
1750194877.362008095
1750194877.714902163
1750194878.068667650
1750194878.423328876
1750194878.780069590
1750194879.147158623
1750194879.503369570
1750194879.859270334
1750194880.215986013
1750194880.572306633
1750194880.922140837
1750194881.274953365
1750194881.623409748
1750194881.977040291
1750194882.333385229
1750194882.691800594
1750194883.050100327
1750194883.402286768
1750194883.754423857
1750194884.103302717
1750194884.450933695
1750194884.798793793
1750194885.147778511
1750194885.494523764
1750194885.841086388
1750194886.183944702
1750194886.528654575
1750194886.873662949
1750194887.214476347
1750194887.559045076
1750194887.905190945
1750194888.258955002
1750194888.611786842
1750194888.965377331
1750194889.312077522
1750194889.659026623
1750194890.010069609
1750194890.359562159
1750194890.708703995
1750194891.055485487
1750194891.405669928
1750194891.753448248
1750194892.099492073
1750194892.449549913
1750194892.799503565
1750194893.146835804
1750194893.490508080
1750194893.843049288
1750194894.190672874
1750194894.539120436
1750194894.885914326
1750194895.232792139
1750194895.581099033
1750194895.928300381
1750194896.276492834
1750194896.633409023
1750194896.988102198
1750194897.342625618
1750194897.698593616
1750194898.044843674
1750194898.394212008
1750194898.746430874
1750194899.091247320
1750194899.438668013
1750194899.789528608
1750194900.138933897
1750194900.486342907
1750194900.838517666
1750194901.188530207
1750194901.446285009
1750194901.674520731
1750194901.893313885
1750194902.109853029
1750194902.334636211
1750194902.556461096
1750194902.772474527
1750194902.984326601
1750194903.197516203
1750194903.409418344
1750194903.624136686
1750194903.844984055
1750194904.062481880
1750194904.282107592
1750194904.495140314
1750194904.709275723
1750194904.933658838
1750194905.164966583
1750194905.380744696
1750194905.605938435
1750194905.830811977
1750194906.057906866
1750194906.276410341
1750194906.495779037
1750194906.716396093
1750194906.939099550
1750194907.162353516
1750194907.388327837
1750194907.610685349
1750194907.835445404
1750194908.057449102
1750194908.280161381
1750194908.501714230
1750194908.720942259
1750194908.939612389
1750194909.160540342
1750194909.385727167
1750194909.607432604
1750194909.827070713
1750194910.041210413
1750194910.253477335
1750194910.461524725
1750194910.667352438
1750194910.869945526
1750194911.076704502
1750194911.280460358
1750194911.484263897
1750194911.694398165
1750194911.895880938
1750194912.098681927
1750194912.298118830
1750194912.500120401
1750194912.704238176
1750194912.904475689
1750194913.106175900
1750194913.310463428
1750194913.518846750
1750194913.725646019
1750194913.936293125
1750194914.143169165
1750194914.351576805
1750194914.558583498
1750194914.764083147
1750194914.966438770
1750194915.177242994
1750194915.384946108
1750194915.594967365
1750194915.811425686
1750194916.023556948
1750194916.236784458
1750194916.450070858
1750194916.664852381
1750194916.878564835
1750194917.095390558
1750194917.310284853
1750194917.524164438
1750194917.745880842
1750194917.964948416
1750194918.185001612
1750194918.409655571
1750194918.635157585
1750194918.861126184
1750194919.086315870
1750194919.308686018
1750194919.527422905
1750194919.747361898
1750194919.970749378
1750194920.191738844
1750194920.409319639
1750194920.622199297
1750194920.836975574
1750194921.053031206
1750194921.268406391
1750194921.482437849
1750194921.695997238
1750194921.916103840
1750194922.131262541
1750194922.349326849
1750194922.565859318
1750194922.782624483
1750194923.000944614
1750194923.215617180
1750194923.432393551
1750194923.648557901
1750194923.871292114
1750194924.080415487
1750194924.290910721
1750194924.500813961
1750194924.709470987
1750194924.915905952
1750194925.123796225
1750194925.331470490
1750194925.540438890
1750194925.752971888
1750194925.969317913
1750194926.191863537
1750194926.407863617
1750194926.624364376
1750194926.846161842
1750194927.066348076
1750194927.289644957
1750194927.513829708
1750194927.734830141
1750194927.957085609
1750194928.182180643
1750194928.403436184
1750194928.628613234
1750194928.846715927
1750194929.057463408
1750194929.268285751
1750194929.481314898
1750194929.695775509
1750194929.908291340
1750194930.120816708
1750194930.334557295
1750194930.547755480
1750194930.764416456
1750194930.982124090
1750194931.211127043
1750194931.440177441
1750194931.664000034
1750194931.888679743
1750194932.109981298
1750194932.331146002
1750194932.556912661
1750194932.778455734
1750194932.993674040
1750194933.213210344
1750194933.428614378
1750194933.642446280
1750194933.858577728
1750194934.073379040
1750194934.289506674
1750194934.511147499
1750194934.734585524
1750194934.954280138
1750194935.170132875
1750194935.391650677
1750194935.611280918
1750194935.829117775
1750194936.051229954
1750194936.276136160
1750194936.513530016
1750194936.739104509
1750194936.961759806
1750194937.173166275
1750194937.387699604
1750194937.600414753
1750194937.815903187
1750194938.029089212
1750194938.240130186
1750194938.452063322
1750194938.666864395
1750194938.890794992
1750194939.111706018
1750194939.333402872
1750194939.547107220
1750194939.758234739
1750194939.967862129
1750194940.181774855
1750194940.400479078
1750194940.612814188
1750194940.829653025
1750194941.045964241
1750194941.268851280
1750194941.483859539
1750194941.695928574
1750194941.910885334
1750194942.123113394
1750194942.338414192
1750194942.554870367
1750194942.771208763
1750194942.996359825
1750194943.215798616
1750194943.438494205
1750194943.662937880
1750194943.884009123
1750194944.104327202
1750194944.325649500
1750194944.546863556
1750194944.770183325
1750194944.998461008
1750194945.222898245
1750194945.441101551
1750194945.661388874
1750194945.878759146
1750194946.100509167
1750194946.321052790
1750194946.541904688
1750194946.759999752
1750194946.986036777
1750194947.210378647
1750194947.429974079
1750194947.652912855
1750194947.871853828
1750194948.087775230
1750194948.307285547
1750194948.523012400
1750194948.742580891
1750194948.963443756
1750194949.187873840
1750194949.416879416
1750194949.643959522
1750194949.873209000
1750194950.098135233
1750194950.321599722
1750194950.544867277
1750194950.774382353
1750194951.002457142
1750194951.226972580
1750194951.450078011
1750194951.673125744
1750194951.901933193
1750194952.129884958
1750194952.354808331
1750194952.581869841
1750194952.827790737
1750194953.051975250
1750194953.275667667
1750194953.500715494
1750194953.724776030
1750194953.952538013
1750194954.181076288
1750194954.403357744
1750194954.620782852
1750194954.841299772
1750194955.057142258
1750194955.273467064
1750194955.489392281
1750194955.705970764
1750194955.926979780
1750194956.142936945
1750194956.358998299
1750194956.583240986
1750194956.806399584
1750194957.023175716
1750194957.238371134
1750194957.453448534
1750194957.671140432
1750194957.889090776
1750194958.104994297
1750194958.316626787
1750194958.536569595
1750194958.768153191
1750194958.993600607
1750194959.219867229
1750194959.446470261
1750194959.670218468
1750194959.892630577
1750194960.115168571
1750194960.330355883
1750194960.540536404
1750194960.757107735
1750194960.977076530
1750194961.187845945
1750194961.402731180
1750194961.621517658
1750194961.845963240
1750194962.066747904
1750194962.287644863
1750194962.515381336
1750194962.746547222
1750194962.978059292
1750194963.210909367
1750194963.445362329
1750194963.678285599
1750194963.910493135
1750194964.143553734
1750194964.371635675
1750194964.599092960
1750194964.825958729
1750194965.044463158
1750194965.263589144
1750194965.483101368
1750194965.699907064
1750194965.918879986
1750194966.136059284
1750194966.357974529
1750194966.580763817
1750194966.807628393
1750194967.039957523
1750194967.268912554
1750194967.497864962
1750194967.736250639
1750194967.979954481
1750194968.219843149
1750194968.468781233
1750194968.710707664
1750194968.948318958
1750194969.181823492
1750194969.415964842
1750194969.647316933
1750194969.875045300
1750194970.101970434
1750194970.336582661
1750194970.566835165
1750194970.795661211
1750194971.017134190
1750194971.237910271
1750194971.455592394
1750194971.677179575
1750194971.899090290
1750194972.118663311
1750194972.343486071
1750194972.561197519
1750194972.779217005
1750194973.003925562
1750194973.235054255
1750194973.466146469
1750194973.694990873
1750194973.925897837
1750194974.158779383
1750194974.390774727
1750194974.622621775
1750194974.856865644
1750194975.083782434
1750194975.304284573
1750194975.521795511
1750194975.737551212
1750194975.949588776
1750194976.163255692
1750194976.377993822
1750194976.594375134
1750194976.808906317
1750194977.024311066
1750194977.229964018
1750194977.433340788
1750194977.634866714
1750194977.844561338
1750194978.053422928
1750194978.268248320
1750194978.483999252
1750194978.703222036
1750194978.923396587
1750194979.143459082
1750194979.364225864
1750194979.587660074
1750194979.815396786
1750194980.043646812
1750194980.266693354
1750194980.486125708
1750194980.712244987
1750194980.932662487
1750194981.155826807
1750194981.378731728
1750194981.607548952
1750194981.826429129
1750194982.049618244
1750194982.278061390
1750194982.503548384
1750194982.734202147
1750194982.954415321
1750194983.175302505
1750194983.400202513
1750194983.626354694
1750194983.853221655
1750194984.082496405
1750194984.308444500
1750194984.527499914
1750194984.741520882
1750194984.958405495
1750194985.185715675
1750194985.400289297
1750194985.616991043
1750194985.829661608
1750194986.043735027
1750194986.260156393
1750194986.476927757
1750194986.690788746
1750194986.906367064
1750194987.125385523
1750194987.344147205
1750194987.559756756
1750194987.773601770
1750194987.985687017
1750194988.193907738
1750194988.403042078
1750194988.618448973
1750194988.832884312
1750194989.048414707
1750194989.263972044
1750194989.483655691
1750194989.705924273
1750194989.928258896
1750194990.147411108
1750194990.371572971
1750194990.593999863
1750194990.816178322
1750194991.035350084
1750194991.252986908
1750194991.469123602
1750194991.683861256
1750194991.899132013
1750194992.110660076
1750194992.325705051
1750194992.540724277
1750194992.753555298
1750194992.968746662
1750194993.182421446
1750194993.397351027
1750194993.615426779
1750194993.827200413
1750194994.030667067
1750194994.236403942
1750194994.443259716
1750194994.645544291
1750194994.851180315
1750194995.049757719
1750194995.251391649
1750194995.455491543
1750194995.663279057
1750194995.871574879
1750194996.085731983
1750194996.295243502
1750194996.505616426
1750194996.710803986
1750194996.921940565
1750194997.126961470
1750194997.333394289
1750194997.538820982
1750194997.743829250
1750194997.946892738
1750194998.152606249
1750194998.361132383
1750194998.566752672
1750194998.772183895
1750194998.978006124
1750194999.182616949
1750194999.386651754
1750194999.586310625
1750194999.784644127
1750194999.990410328
1750195000.195332527
1750195000.405806303
1750195000.621076584
1750195000.842934370
1750195001.056091785
1750195001.270186424
1750195001.483462095
1750195001.698651791
1750195001.915511847
1750195002.128190517
1750195002.347986698
1750195002.562029600
1750195002.780009985
1750195003.000009775
1750195003.218674898
1750195003.434511185
1750195003.650454521
1750195003.865222692
1750195004.070733786
1750195004.276148558
1750195004.475791454
1750195004.674705505
1750195004.872130632
1750195005.068488121
1750195005.261118650
1750195005.455396414
1750195005.651951313
1750195005.846205235
1750195006.045151949
1750195006.243721724
1750195006.440991640
1750195006.638954163
1750195006.835774660
1750195007.032283306
1750195007.230153561
1750195007.421751499
1750195007.621273279
1750195007.814359188
1750195008.013015509
1750195008.205856085
1750195008.397755861
1750195008.590976477
1750195008.780693531
1750195008.972224236
1750195009.166348457
1750195009.362061977
1750195009.553722858
1750195009.746209383
1750195009.945762157
1750195010.141457081
1750195010.340851545
1750195010.539961100
1750195010.742960691
1750195010.947238207
1750195011.153234959
1750195011.354738235
1750195011.555270910
1750195011.757032156
1750195011.962633610
1750195012.164355040
1750195012.366124630
1750195012.566984653
1750195012.770349979
1750195012.974700689
1750195013.176863432
1750195013.383132696
1750195013.586270571
1750195013.786592007
1750195013.993478298
1750195014.193464041
1750195014.394919395
1750195014.595782757
1750195014.798595190
1750195015.004609823
1750195015.210740566
1750195015.423894167
1750195015.630855799
1750195015.837992430
1750195016.046662569
1750195016.247256041
1750195016.454211235
1750195016.665490389
1750195016.876527309
1750195017.091479778
1750195017.329809189
1750195017.543749571
1750195017.755295753
1750195017.971620798
1750195018.186857224
1750195018.403735876
1750195018.619304180
1750195018.835495710
1750195019.057659864
1750195019.278684855
1750195019.496007681
1750195019.714538336
1750195019.931620836
1750195020.144925356
1750195020.359735966
1750195020.575990677
1750195020.789305687
1750195020.999378920
1750195021.210001707
1750195021.420992613
1750195021.637616158
1750195021.850589037
1750195022.061580658
1750195022.276564121
1750195022.492697716
1750195022.709384441
1750195022.934332848
1750195023.145684481
1750195023.360903025
1750195023.576418638
1750195023.791694641
1750195024.008740664
1750195024.223421335
1750195024.448138952
1750195024.672585249
1750195024.891461134
1750195025.107387304
1750195025.324199200
1750195025.543909550
1750195025.759701967
1750195025.980696678
1750195026.209082842
1750195026.431320667
1750195026.649745941
1750195026.869412661
1750195027.094514847
1750195027.314582586
1750195027.538092852
1750195027.764041662
1750195027.995243549
1750195028.218885660
1750195028.451908588
1750195028.673429489
1750195028.895814180
1750195029.121725321
1750195029.338289738
1750195029.554506540
1750195029.769265890
1750195029.984952927
1750195030.195593834
1750195030.402383566
1750195030.608688831
1750195030.812259674
1750195031.018875360
1750195031.216683865
1750195031.421201706
1750195031.629704714
1750195031.845638514
1750195032.057579756
1750195032.271267414
1750195032.483541727
1750195032.698341131
1750195032.912618399
1750195033.120356798
1750195033.334423065
1750195033.548295498
1750195033.760908842
1750195033.972007275
1750195034.181541443
1750195034.387912035
1750195034.597385406
1750195034.811507940
1750195035.022721291
1750195035.235060692
1750195035.444934845
1750195035.654217005
1750195035.862576723
1750195036.065534115
1750195036.271223068
1750195036.476175308
1750195036.680070877
1750195036.884345531
1750195037.086958170
1750195037.291925192
1750195037.493448973
1750195037.697419405
1750195037.904590607
1750195038.110436201
1750195038.312938213
1750195038.518746853
1750195038.724709034
1750195038.931163788
1750195039.141191006
1750195039.351334572
1750195039.560666561
1750195039.766906738
1750195039.976163626
1750195040.191462517
1750195040.395126820
1750195040.595926762
1750195040.797495842
1750195041.003123999
1750195041.202744484
1750195041.405497789
1750195041.608076334
1750195041.810371161
1750195042.016610146
1750195042.221524000
1750195042.424421072
1750195042.629545689
1750195042.837497234
1750195043.053444624
1750195043.259813070
1750195043.465948820
1750195043.676546574
1750195043.888495922
1750195044.099680662
1750195044.315504074
1750195044.527188778
1750195044.747607708
1750195044.962421656
1750195045.181839705
1750195045.399450779
1750195045.619857550
1750195045.835804939
1750195046.054342031
1750195046.270927668
1750195046.488105059
1750195046.706048727
1750195046.923396587
1750195047.142857790
1750195047.362187862
1750195047.582758665
1750195047.810685396
1750195048.036464453
1750195048.258857727
1750195048.471141338
1750195048.693182468
1750195048.915498495
1750195049.138365507
1750195049.355616570
1750195049.573907375
1750195049.791964769
1750195050.010977030
1750195050.227830887
1750195050.446649075
1750195050.671851873
1750195050.898977995
1750195051.127264977
1750195051.358624697
1750195051.583324432
1750195051.806819677
1750195052.039773226
1750195052.273739815
1750195052.506763458
1750195052.734235287
1750195052.965026855
1750195053.185553551
1750195053.396041155
1750195053.613860846
1750195053.830780745
1750195054.052969456
1750195054.264919281
1750195054.483856440
1750195054.705124617
1750195054.921692610
1750195055.145250082
1750195055.360104084
1750195055.575258017
1750195055.789141178
1750195056.008557081
1750195056.227793217
1750195056.445722103
1750195056.665406466
1750195056.892310858
1750195057.108772516
1750195057.328000069
1750195057.539154530
1750195057.751639366
1750195057.963869095
1750195058.174082518
1750195058.386751413
1750195058.603331804
1750195058.821317196
1750195059.029105425
1750195059.248066902
1750195059.474766493
1750195059.704336643
1750195059.926168680
1750195060.145935774
1750195060.375551462
1750195060.608816862
1750195060.846324921
1750195061.080329180
1750195061.299296856
1750195061.517051935
1750195061.730830669
1750195061.939143181
1750195062.157020092
1750195062.369863749
1750195062.582981586
1750195062.801161528
1750195063.021401882
1750195063.241834164
1750195063.462329626
1750195063.689201593
1750195063.905949354
1750195064.126740217
1750195064.357655764
1750195064.583381653
1750195064.806144714
1750195065.027359009
1750195065.259531260
1750195065.495903492
1750195065.732983589
1750195065.964726448
1750195066.203515053
1750195066.436634064
1750195066.673769236
1750195066.910985470
1750195067.146960735
1750195067.379443407
1750195067.614679575
1750195067.846586943
1750195068.075696230
1750195068.305288553
1750195068.532518148
1750195068.760842562
1750195068.982203245
1750195069.205460787
1750195069.430109024
1750195069.647461891
1750195069.862170935
1750195070.076403379
1750195070.286168098
1750195070.491539955
1750195070.701778173
1750195070.905967951
1750195071.106546879
1750195071.304991245
1750195071.506785631
1750195071.699017763
1750195071.897383451
1750195072.111542225
1750195072.327463865
1750195072.542690516
1750195072.756430864
1750195072.973348618
1750195073.194928408
1750195073.414990187
1750195073.627655029
1750195073.844106913
1750195074.070548773
1750195074.285529852
1750195074.491840363
1750195074.696800947
1750195074.901728630
1750195075.107482433
1750195075.313728571
1750195075.519357681
1750195075.727062941
1750195075.937898159
1750195076.150902748
1750195076.364360094
1750195076.582063198
1750195076.807794333
1750195077.027216434
1750195077.248113155
1750195077.473446369
1750195077.695405006
1750195077.916018963
1750195078.133843422
1750195078.350923777
1750195078.565448046
1750195078.781032562
1750195078.993148088
1750195079.215960741
1750195079.437833548
1750195079.653741837
1750195079.864465714
1750195080.074743748
1750195080.287796021
1750195080.505974531
1750195080.724083185
1750195080.940159321
1750195081.158493042
1750195081.380496025
1750195081.603104115
1750195081.845997095
1750195082.068270922
1750195082.316058397
1750195082.534927607
1750195082.751481771
1750195082.967052698
1750195083.183127642
1750195083.397241354
1750195083.612089157
1750195083.826370955
1750195084.044630051
1750195084.261378527
1750195084.476492405
1750195084.690717459
1750195084.901514530
1750195085.112263680
1750195085.323063374
1750195085.539460182
1750195085.755600214
1750195085.968950033
1750195086.196555853
1750195086.419667006
1750195086.647429228
1750195086.867012262
1750195087.087364435
1750195087.318259954
1750195087.545651197
1750195087.771017075
1750195087.995016098
1750195088.219328403
1750195088.447202444
1750195088.666739702
1750195088.895187378
1750195089.135101080
1750195089.357593060
1750195089.579871655
1750195089.801141977
1750195090.022753477
1750195090.244690180
1750195090.468728781
1750195090.691210747
1750195090.917376757
1750195091.135980129
1750195091.363188505
1750195091.595909834
1750195091.819711447
1750195092.036639214
1750195092.265399218
1750195092.486529350
1750195092.704306841
1750195092.920197010
1750195093.133821726
1750195093.336174250
1750195093.535955667
1750195093.734543324
1750195093.935609341
1750195094.136466742
1750195094.333290577
1750195094.534862995
1750195094.740547419
1750195094.947344780
1750195095.157801867
1750195095.364156723
1750195095.576545477
1750195095.787491083
1750195095.997599125
1750195096.208361149
1750195096.416196585
1750195096.626837969
1750195096.835169077
1750195097.042698145
1750195097.258969307
1750195097.488452911
1750195097.720964909
1750195097.954562902
1750195098.187499046
1750195098.415667772
1750195098.638037920
1750195098.859613180
1750195099.080725670
1750195099.303519487
1750195099.528236628
1750195099.756223917
1750195099.985346556
1750195100.207549334
1750195100.429611444
1750195100.653313637
1750195100.874560118
1750195101.097418308
1750195101.317238569
1750195101.538579464
1750195101.760404825
1750195101.985701323
1750195102.213932753
1750195102.435981989
1750195102.657400370
1750195102.882491350
1750195103.108178139
1750195103.334595442
1750195103.561952353
1750195103.785687447
1750195104.008825302
1750195104.230976820
1750195104.454885960
1750195104.674462795
1750195104.895417452
1750195105.112428904
1750195105.326729536
1750195105.543407679
1750195105.764395714
1750195105.984347343
1750195106.204633951
1750195106.429488420
1750195106.653739214
1750195106.878031969
1750195107.104003668
1750195107.324099541
1750195107.546139717
1750195107.770794392
1750195107.999690533
1750195108.226012707
1750195108.454543829
1750195108.679144382
1750195108.906575203
1750195109.130006790
1750195109.364495277
1750195109.585585594
1750195109.802770615
1750195110.033660173
1750195110.261246204
1750195110.483152151
1750195110.702984095
1750195110.928259850
1750195111.153525591
1750195111.367971420
1750195111.581724405
1750195111.794049978
1750195112.007424831
1750195112.230513811
1750195112.450028896
1750195112.669037342
1750195112.884503126
1750195113.098332405
1750195113.312707424
1750195113.542511702
1750195113.770067215
1750195113.997182131
1750195114.233151436
1750195114.459537983
1750195114.684708357
1750195114.908870220
1750195115.130323172
1750195115.347718716
1750195115.567568779
1750195115.789144993
1750195116.013278961
1750195116.233555794
1750195116.450230837
1750195116.674457550
1750195116.902758598
1750195117.135478735
1750195117.356998920
1750195117.583490372
1750195117.813975096
1750195118.043311834
1750195118.276640654
1750195118.500429630
1750195118.727662802
1750195118.949435472
1750195119.170669079
1750195119.395667315
1750195119.615380049
1750195119.824658871
1750195120.026700974
1750195120.237733126
1750195120.444017172
1750195120.657880545
1750195120.883491755
1750195121.116587162
1750195121.368804932
1750195121.634058237
1750195121.864712238
1750195122.070756912
1750195122.314771891
1750195122.536363840
1750195122.748730421
1750195122.956438780
1750195123.164797544
1750195123.389634371
1750195123.624078989
1750195123.862972736
1750195124.090750933
1750195124.301770926
1750195124.510339022
1750195124.718284130
1750195124.921698570
1750195125.122770548
1750195125.323764563
1750195125.523114681
1750195125.732947350
1750195125.945083618
1750195126.153575420
1750195126.359835863
1750195126.566118479
1750195126.771275997
1750195126.976368427
1750195127.180732012
1750195127.384566784
1750195127.590850830
1750195127.799937487
1750195128.012149334
1750195128.220331669
1750195128.423210859
1750195128.619421482
1750195128.820202827
1750195129.022241354
1750195129.228638887
1750195129.435327291
1750195129.645560026
1750195129.864989996
1750195130.088061094
1750195130.310083151
1750195130.521847010
1750195130.729224205
1750195130.931823254
1750195131.139994144
1750195131.351290226
1750195131.559331894
1750195131.767460585
1750195131.970420122
1750195132.178163052
1750195132.401438951
1750195132.630047321
1750195132.865698338
1750195133.085598707
1750195133.288055658
1750195133.500082016
1750195133.702232122
1750195133.903294325
1750195134.111980438
1750195134.324197292
1750195134.538072348
1750195134.754595995
1750195134.975428581
1750195135.195161819
1750195135.415687084
1750195135.633864164
1750195135.855082750
1750195136.077810287
1750195136.302585840
1750195136.524063587
1750195136.760264397
1750195136.987876415
1750195137.235547543
1750195137.484821796
1750195137.737084150
1750195137.962006092
1750195138.183092833
1750195138.409398794
1750195138.632521629
1750195138.856106043
1750195139.081619263
1750195139.302544832
1750195139.524930716
1750195139.758833885
1750195139.977345467
1750195140.196174145
1750195140.418379068
1750195140.638470411
1750195140.860512972
1750195141.074021578
1750195141.295980215
1750195141.506216049
1750195141.723124981
1750195141.951269150
1750195142.183725119
1750195142.415461063
1750195142.647199392
1750195142.868384600
1750195143.099110842
1750195143.329811811
1750195143.556992054
1750195143.784237623
1750195144.011282206
1750195144.241728067
1750195144.467275620
1750195144.699987650
1750195144.938035011
1750195145.169738770
1750195145.400215387
1750195145.630444288
1750195145.855801821
1750195146.084975004
1750195146.316326857
1750195146.551512480
1750195146.783319235
1750195147.012335539
1750195147.246132374
1750195147.488281012
1750195147.724689722
1750195147.961863756
1750195148.200258970
1750195148.483156919
1750195148.736552954
1750195148.961088657
1750195149.184242249
1750195149.398713112
1750195149.614455700
1750195149.845977068
1750195150.064883947
1750195150.282571793
1750195150.498185873
1750195150.715517998
1750195150.936682463
1750195151.169834614
1750195151.392280102
1750195151.619874716
1750195151.862813950
1750195152.085494518
1750195152.330726862
1750195152.563223839
1750195152.777620077
1750195153.003345013
1750195153.223604441
1750195153.432859659
1750195153.633458614
1750195153.841328621
1750195154.047639847
1750195154.254431248
1750195154.456068277
1750195154.663087606
1750195154.868340969
1750195155.066830397
1750195155.270795107
1750195155.470475674
1750195155.672111034
1750195155.871377230
1750195156.070587158
1750195156.267383575
1750195156.476293564
1750195156.685766220
1750195156.907515764
1750195157.140804052
1750195157.379662275
1750195157.626825333
1750195157.868649483
1750195158.110090494
1750195158.344751358
1750195158.581779242
1750195158.799288750
1750195159.020630121
1750195159.254131317
1750195159.487731218
1750195159.715626240
1750195159.970627785
1750195160.227305412
1750195160.461416483
1750195160.684130192
1750195160.927335501
1750195161.140878439
1750195161.356416702
1750195161.583608627
1750195161.800420523
1750195162.020414829
1750195162.242579699
1750195162.450271845
1750195162.658565521
1750195162.868249178
1750195163.075558186
1750195163.273012877
1750195163.471235037
1750195163.668604851
1750195163.875553370
1750195164.092556953
1750195164.311604023
1750195164.530175447
1750195164.754733801
1750195164.989217043
1750195165.217191458
1750195165.448286533
1750195165.702836514
1750195165.959374189
1750195166.215751410
1750195166.475548506
1750195166.726486921
1750195166.980407476
1750195167.208341599
1750195167.443410873
1750195167.681198120
1750195167.900132179
1750195168.133195877
1750195168.375022173
1750195168.587809324
1750195168.825923681
1750195169.065346956
1750195169.300301313
1750195169.517232656
1750195169.754363060
1750195169.985786676
1750195170.211476326
1750195170.425918102
1750195170.642305613
1750195170.854523897
1750195171.061078310
1750195171.270462990
1750195171.478187561
1750195171.684333563
1750195171.893821955
1750195172.101023436
1750195172.309907436
1750195172.535862923
1750195172.756144047
1750195172.959983826
1750195173.163314342
1750195173.369541168
1750195173.575050354
1750195173.784596682
1750195173.992796421
1750195174.213039398
1750195174.427306652
1750195174.642761707
1750195174.855313301
1750195175.069344997
1750195175.305462837
1750195175.547896385
1750195175.789186239
1750195176.029340267
1750195176.268540144
1750195176.507244349
1750195176.734035969
1750195176.945522547
1750195177.175268888
1750195177.386497259
1750195177.600681067
1750195177.840784311
1750195178.082841635
1750195178.325424910
1750195178.566221476
1750195178.781540394
1750195179.001303911
1750195179.215764761
1750195179.434086084
1750195179.650648355
1750195179.889907360
1750195180.129871607
1750195180.372856140
1750195180.595234156
1750195180.813231707
1750195181.029547691
1750195181.237732172
1750195181.456217766
1750195181.675790310
1750195181.893075943
1750195182.109438658
1750195182.328474998
1750195182.545738459
1750195182.775021791
1750195183.001573086
1750195183.217890739
1750195183.427333355
1750195183.638828516
1750195183.861059427
1750195184.084398031
1750195184.306499481
1750195184.528355598
1750195184.749660492
1750195184.969938517
1750195185.191462040
1750195185.408798695
1750195185.632422209
1750195185.857705355
1750195186.077742815
1750195186.292205095
1750195186.507838964
1750195186.725948572
1750195186.944413662
1750195187.171161652
1750195187.399765730
1750195187.625739574
1750195187.851347208
1750195188.076075554
1750195188.297509432
1750195188.516176701
1750195188.738643885
1750195188.958243370
1750195189.176594973
1750195189.382493496
1750195189.593004465
1750195189.801173449
1750195190.017521381
1750195190.235238552
1750195190.450514317
1750195190.664080143
1750195190.872057438
1750195191.084235430
1750195191.292324543
1750195191.501437902
1750195191.706661463
1750195191.906931162
1750195192.103629827
1750195192.302663326
1750195192.500865459
1750195192.701180696
1750195192.912363052
1750195193.127919674
1750195193.339789391
1750195193.554166079
1750195193.768102169
1750195193.980029345
1750195194.194833517
1750195194.411008358
1750195194.615229845
1750195194.832298756
1750195195.052489758
1750195195.269392490
1750195195.486551046
1750195195.704053164
1750195195.918979406
1750195196.134496450
1750195196.350612879
1750195196.558464050
1750195196.764463902
1750195196.971162319
1750195197.182513714
1750195197.393377781
1750195197.603657007
1750195197.813692570
1750195198.025474310
1750195198.236311436
1750195198.447490454
1750195198.664449215
1750195198.878201246
1750195199.091300964
1750195199.309375286
1750195199.531020641
1750195199.749332428
1750195199.962068558
1750195200.177100897
1750195200.401302338
1750195200.624012470
1750195200.842705727
1750195201.059047222
1750195201.274013996
1750195201.489639997
1750195201.706856728
1750195201.933799028
1750195202.163882017
1750195202.397212744
1750195202.632582426
1750195202.870903969
1750195203.102007389
1750195203.324779749
1750195203.552822590
1750195203.783262253
1750195204.015923977
1750195204.248339653
1750195204.474890947
1750195204.698335648
1750195204.923199654
1750195205.146920919
1750195205.369476318
1750195205.591110229
1750195205.818285227
1750195206.041437149
1750195206.263494492
1750195206.486442566
1750195206.707879782
1750195206.930183649
1750195207.155406475
1750195207.379820585
1750195207.607162714
1750195207.826434135
1750195208.050594330
1750195208.265856266
1750195208.494267941
1750195208.716124773
1750195208.928116083
1750195209.145210266
1750195209.354438543
1750195209.556878567
1750195209.759714842
1750195209.968992233
1750195210.176113367
1750195210.385760307
1750195210.587683916
1750195210.795820236
1750195211.001914978
1750195211.205410719
1750195211.411726236
1750195211.619852781
1750195211.830584049
1750195212.052069426
1750195212.273182869
1750195212.492904902
1750195212.715040207
1750195212.934153795
1750195213.154598236
1750195213.372050524
1750195213.584859610
1750195213.797810793
1750195214.010341167
1750195214.222280264
1750195214.479424715
1750195214.685130835
1750195214.894375086
1750195215.098430157
1750195215.302266359
1750195215.511772633
1750195215.725564480
1750195215.936361074
1750195216.151885986
1750195216.368223429
1750195216.587640047
1750195216.808676243
1750195217.028881311
1750195217.247793436
1750195217.466683388
1750195217.683276653
1750195217.895318747
1750195218.111146450
1750195218.324262619
1750195218.552383423
1750195218.784126282
1750195219.014491558
1750195219.252577543
1750195219.480462313
1750195219.704981089
1750195219.929128885
1750195220.153488398
1750195220.378721952
1750195220.603087425
1750195220.826168299
1750195221.046513081
1750195221.265589952
1750195221.487569809
1750195221.707911491
1750195221.931200743
1750195222.157539129
1750195222.379660606
1750195222.600191593
1750195222.823060989
1750195223.043782949
1750195223.264526129
1750195223.483750582
1750195223.705261707
1750195223.928781748
1750195224.147777319
1750195224.359043837
1750195224.576701403
1750195224.802189827
1750195225.028072119
1750195225.255548954
1750195225.482556581
1750195225.706229448
1750195225.930693150
1750195226.155118227
1750195226.375395060
1750195226.597087383
1750195226.820967674
1750195227.042477846
1750195227.262412548
1750195227.484806061
1750195227.704101086
1750195227.926319838
1750195228.142040491
1750195228.358746529
1750195228.575084448
1750195228.790394068
1750195229.007590055
1750195229.223399878
1750195229.439454317
1750195229.654249430
1750195229.871162176
1750195230.086917877
1750195230.303488493
1750195230.522085905
1750195230.742972612
1750195230.960226536
1750195231.183482647
1750195231.406739712
1750195231.632976532
1750195231.862704039
1750195232.084120274
1750195232.304727793
1750195232.526557684
1750195232.743825912
1750195232.962251425
1750195233.181266069
1750195233.404065847
1750195233.626522303
1750195233.843680859
1750195234.061133623
1750195234.277851820
1750195234.498366117
1750195234.714493275
1750195234.931563854
1750195235.151826620
1750195235.372570992
1750195235.600751400
1750195235.819919109
1750195236.046450138
1750195236.268533468
1750195236.487136602
1750195236.705240488
1750195236.917778015
1750195237.134557962
1750195237.352379322
1750195237.569509983
1750195237.793262243
1750195238.016935110
1750195238.241110563
1750195238.461510897
1750195238.670899153
1750195238.882095814
1750195239.092663050
1750195239.309548140
1750195239.520898581
1750195239.736441374
1750195239.946669340
1750195240.159589291
1750195240.367119312
1750195240.586890697
1750195240.807769775
1750195241.029234886
1750195241.248563290
1750195241.472513676
1750195241.686618805
1750195241.887617588
1750195242.083639860
1750195242.280569792
1750195242.477738857
1750195242.695876837
1750195242.928159475
1750195243.151949644
1750195243.379686594
1750195243.588202000
1750195243.793389797
1750195243.989915609
1750195244.187405109
1750195244.391251802
1750195244.599946737
1750195244.822656155
1750195245.052985907
1750195245.287597418
1750195245.529265404
1750195245.763436079
1750195245.988439798
1750195246.221385241
1750195246.450749874
1750195246.671675682
1750195246.894935608
1750195247.117376089
1750195247.342198849
1750195247.562960863
1750195247.786483765
1750195248.029742002
1750195248.261269093
1750195248.487808228
1750195248.718350172
1750195248.945111036
1750195249.173395634
1750195249.395402670
1750195249.617572546
1750195249.843264818
1750195250.062939167
1750195250.290563583
1750195250.520045757
1750195250.753212452
1750195250.982204199
1750195251.213271856
1750195251.439661264
1750195251.670992851
1750195251.903657675
1750195252.131129265
1750195252.355710030
1750195252.579960108
1750195252.808585882
1750195253.049575329
1750195253.288570404
1750195253.523488522
1750195253.746821880
1750195253.966384411
1750195254.189279795
1750195254.415997267
1750195254.638288736
1750195254.859906197
1750195255.083955765
1750195255.300478697
1750195255.522603989
1750195255.750694990
1750195255.976008654
1750195256.204237223
1750195256.429128885
1750195256.646211386
1750195256.866240978
1750195257.082934618
1750195257.302533388
1750195257.528666735
1750195257.757836580
1750195257.987658501
1750195258.215808153
1750195258.446646929
1750195258.675310850
1750195258.904781580
1750195259.132427692
1750195259.360404015
1750195259.590076447
1750195259.817416430
1750195260.045987606
1750195260.271974564
1750195260.496832371
1750195260.719163895
1750195260.942517281
1750195261.164666891
1750195261.389028311
1750195261.619436026
1750195261.859526157
1750195262.097406387
1750195262.326611042
1750195262.555983543
1750195262.787442923
1750195263.023414373
1750195263.254549026
1750195263.488095284
1750195263.720316648
1750195263.966185570
1750195264.194532156
1750195264.421957493
1750195264.649136782
1750195264.876606941
1750195265.104016542
1750195265.335957050
1750195265.560299635
1750195265.788573742
1750195266.016562939
1750195266.237298012
1750195266.455806017
1750195266.682584524
1750195266.919107914
1750195267.161226749
1750195267.392011404
1750195267.620422363
1750195267.847101927
1750195268.076122046
1750195268.300226212
1750195268.524674654
1750195268.753365755
1750195268.976150274
1750195269.191952229
1750195269.407204390
1750195269.620113373
1750195269.835068464
1750195270.050387383
1750195270.264238358
1750195270.476420164
1750195270.691767216
1750195270.902670622
1750195271.115142345
1750195271.329635859
1750195271.551149130
1750195271.783510208
1750195272.032782316
1750195272.284714460
1750195272.538100481
1750195272.791455030
1750195273.047598839
1750195273.299553394
1750195273.551139116
